v 0.38 0.05 0.6 0 0 0
v 0.38 0.05 0.609  0 0 0
v 0.38 0.1 0.6 0 0 0
v 0.38 0.1 0.609 0 0 0
v 0.37 0.05 0.6 0 0 0
v 0.37 0.05 0.609  0 0 0
v 0.37 0.1 0.6 0 0 0
v 0.37 0.1 0.609  0 0
v 0.37 0.1 0.65 0 0 0
v 0.38 0.1 0.65 0 0 0
v 0.38 0.1 0.559 0 0 0
v 0.37 0.1 0.559 0 0 0
v 0.37 0.105 0.65 0 0 0
v 0.38 0.105 0.65 0 0 0
v 0.38 0.105 0.559 0 0 0
v 0.37 0.105 0.559 0 0 0
f 0 3 2
f 0 3 1
f 4 7 5
f 4 7 6
f 1 7 3
f 1 7 5
f 0 6 4
f 0 6 2
f 2 7 6
f 2 7 3
f 10 8 9
f 10 8 11
f 13 14 9
f 14 9 10
f 10 15 14
f 10 15 11
f 15 8 11 
f 15 8 12
f 9 12 13
f 9 12 8
f 9 14 13
f 9 14 10
f 13 14 15
f 13 14 12
p 0.38 0.05 0.6045

